6,1,9,1
6,2,9,2
6,3,9,3
6,4,9,4
6,5,9,5
6,6,9,6
6,7,10,1
6,8,10,2
6,9,10,3
6,10,11,1
6,11,11,2
6,12,11,3
6,13,11,4
6,14,11,5
6,15,11,6
6,16,11,7
6,17,11,8
6,18,11,9
7,1,12,1
7,2,12,2
7,3,13,1
7,4,13,2
7,5,13,3
3,1,14,1
3,2,14,2
3,3,14,3
3,4,14,4
4,1,15,1
4,2,15,2
4,3,16,1
5,1,17,1
5,2,17,2
5,3,17,3
9,0,19,1
10,0,19,2
11,0,19,3
13,0,19,4
9,0,20,1
11,0,20,2
17,0,20,3
13,0,20,4
9,0,21,1
11,0,21,2
15,0,21,3
13,0,21,4
12,0,22,1
10,0,22,2
11,0,22,3
16,0,22,4
9,0,23,1
11,0,23,2
11,0,23,3
14,0,23,4
9,0,24,1
11,0,24,2
17,0,24,3
14,0,24,4
9,0,25,1
11,0,25,2
15,0,25,3
14,0,25,4
12,0,26,1
10,0,26,2
11,0,26,3
14,0,26,4
19,1,28,1
19,2,28,2
19,3,28,3
19,4,28,4
20,1,29,1
20,2,29,2
20,3,29,3
20,4,29,4
21,1,30,1
21,2,30,2
21,3,30,3
21,4,30,4
22,1,31,1
22,2,31,2
22,3,31,3
22,4,31,4
23,1,32,1
23,2,32,2
23,3,32,3
23,4,32,4
24,1,33,1
24,2,33,2
24,3,33,3
24,4,33,4
25,1,34,1
25,2,34,2
25,3,34,3
25,4,34,4
26,1,35,1
26,2,35,2
26,3,35,3
26,4,35,4
28,1,37,1
29,2,37,2
30,1,38,1
31,2,38,2
32,1,39,1
33,2,39,2
34,1,40,1
35,2,40,2
29,1,41,1
28,2,41,2
31,1,42,1
30,2,42,2
33,1,43,1
32,2,43,2
35,1,44,1
34,2,44,2
37,1,46,1
38,1,46,2
39,1,47,1
40,1,47,2
41,1,48,1
42,1,48,2
43,1,49,1
44,1,49,2
46,1,51,1
47,1,51,2
48,1,52,1
49,1,52,2
51,2,54,1
52,2,54,2
51,1,56,1
52,1,56,2
61,1,63,1
61,0,63,2
60,0,65,1
63,1,65,2
60,0,66,1
60,0,66,2
59,0,68,1
65,1,68,2
59,0,69,1
66,1,69,2
68,1,71,1
69,1,71,2
75,0,79,1
76,0,79,2
76,0,79,3
76,0,79,4
77,0,79,5
77,0,79,6
75,0,80,1
75,0,80,2
75,0,80,3
75,0,80,4
75,0,80,5
76,0,81,1
76,0,81,2
76,0,81,3
76,0,81,4
76,0,81,5
76,0,81,6
76,0,81,7
76,0,81,8
77,0,81,9
77,0,81,10
77,0,81,11
77,0,81,12
77,0,81,13
77,0,81,14
77,0,81,15
81,0,83,1
81,0,83,2
81,0,83,3
81,0,83,4
81,0,83,5
81,0,83,6
81,0,83,7
81,0,83,8
81,0,83,9
81,0,83,10
81,0,83,11
79,1,85,1
79,2,85,2
79,3,85,3
79,4,85,4
79,5,85,5
79,6,85,6
88,0,93,1
89,0,93,2
90,0,93,3
91,0,93,4
88,0,94,1
89,0,94,2
90,0,94,3
91,0,94,4
88,0,95,1
89,0,95,2
90,0,95,3
91,0,95,4
88,0,96,1
89,0,96,2
90,0,96,3
91,0,96,4
93,1,98,1
94,2,98,2
95,1,99,1
96,2,99,2
94,1,100,1
93,2,100,2
96,1,101,1
95,2,101,2
98,1,103,1
99,1,103,2
100,1,104,1
101,1,104,2
103,1,106,1
104,1,106,2
109,0,113,1
110,0,113,2
110,0,113,3
110,0,113,4
111,0,113,5
111,0,113,6
109,0,114,1
109,0,114,2
109,0,114,3
109,0,114,4
109,0,114,5
110,0,115,1
110,0,115,2
110,0,115,3
110,0,115,4
110,0,115,5
110,0,115,6
110,0,115,7
110,0,115,8
111,0,115,9
111,0,115,10
111,0,115,11
111,0,115,12
111,0,115,13
111,0,115,14
111,0,115,15
115,0,117,1
115,0,117,2
115,0,117,3
115,0,117,4
115,0,117,5
115,0,117,6
115,0,117,7
115,0,117,8
115,0,117,9
113,1,119,1
113,2,119,2
113,3,119,3
113,4,119,4
113,5,119,5
113,6,119,6
128,1,131,1
128,2,131,2
128,3,131,3
128,4,131,4
128,5,131,5
128,6,131,6
128,7,131,7
128,8,131,8
128,9,131,9
128,10,131,10
128,11,131,11
128,12,131,12
129,1,132,1
129,2,132,2
129,3,132,3
129,4,132,4
129,5,132,5
129,6,132,6
129,7,132,7
129,8,132,8
131,1,134,1
131,2,134,2
131,3,134,3
131,4,134,4
131,5,134,5
131,6,134,6
131,7,135,1
131,8,135,2
131,9,135,3
131,10,135,4
131,11,135,5
131,12,135,6
132,1,136,1
132,2,136,2
132,3,136,3
132,4,136,4
132,5,137,1
132,6,137,2
132,7,137,3
132,8,137,4
134,0,139,1
135,0,139,2
134,0,140,1
135,0,140,2
134,0,141,1
135,0,141,2
134,0,142,1
135,0,142,2
134,0,143,1
135,0,143,2
134,0,144,1
135,0,144,2
136,0,145,1
137,0,145,2
136,0,146,1
137,0,146,2
136,0,147,1
137,0,147,2
136,0,148,1
137,0,148,2
139,1,150,1
140,1,150,2
141,1,150,3
142,1,150,4
143,1,150,5
144,1,150,6
127,1,150,7
127,2,150,8
145,1,151,1
146,1,151,2
147,1,151,3
148,1,151,4
150,1,153,1
150,2,153,2
150,3,153,3
150,4,153,4
150,5,154,1
150,6,154,2
150,7,154,3
150,8,154,4
151,1,155,1
151,2,155,2
151,3,156,1
151,4,156,2
153,0,158,1
154,0,158,2
153,0,159,1
154,0,159,2
153,0,160,1
154,0,160,2
153,0,161,1
154,0,161,2
155,0,162,1
156,0,162,2
155,0,163,1
156,0,163,2
125,1,165,1
125,2,165,2
125,3,165,3
125,4,165,4
125,5,165,5
125,6,165,6
158,1,166,1
159,1,166,2
160,1,166,3
161,1,166,4
162,1,166,5
163,1,166,6
126,1,166,7
126,2,166,8
126,3,166,9
126,4,166,10
126,5,166,11
126,6,166,12
126,7,166,13
126,8,166,14
126,9,166,15
126,10,166,16
126,11,166,17
126,12,166,18
126,13,166,19
126,14,166,20
126,15,166,21
126,16,166,22
126,17,166,23
126,18,166,24
126,19,166,25
126,20,166,26
165,1,168,1
165,2,168,2
165,3,168,3
165,4,168,4
165,5,168,5
165,6,168,6
166,1,168,7
166,2,168,8
166,3,169,1
166,4,169,2
166,5,169,3
166,6,169,4
166,7,169,5
166,8,169,6
166,9,169,7
166,10,169,8
166,11,170,1
166,12,170,2
166,13,170,3
166,14,170,4
166,15,170,5
166,16,170,6
166,17,170,7
166,18,170,8
166,19,171,1
166,20,171,2
166,21,171,3
166,22,171,4
166,23,171,5
166,24,171,6
166,25,171,7
166,26,171,8
168,0,173,1
169,0,173,2
170,0,173,3
171,0,173,4
168,0,174,1
169,0,174,2
170,0,174,3
171,0,174,4
168,0,175,1
169,0,175,2
170,0,175,3
171,0,175,4
168,0,176,1
169,0,176,2
170,0,176,3
171,0,176,4
168,0,177,1
169,0,177,2
170,0,177,3
171,0,177,4
168,0,178,1
169,0,178,2
170,0,178,3
171,0,178,4
168,0,179,1
169,0,179,2
170,0,179,3
171,0,179,4
168,0,180,1
169,0,180,2
170,0,180,3
171,0,180,4
173,1,182,1
174,1,182,2
175,1,182,3
176,1,182,4
177,1,182,5
178,1,182,6
179,1,182,7
180,1,182,8
173,2,183,1
174,2,183,2
175,2,183,3
176,2,183,4
177,2,183,5
178,2,183,6
179,2,183,7
180,2,183,8
173,3,184,1
174,3,184,2
175,3,184,3
176,3,184,4
177,3,184,5
178,3,184,6
179,3,184,7
180,3,184,8
183,0,186,1
182,0,186,2
183,0,187,1
182,0,187,2
183,0,188,1
182,0,188,2
183,0,189,1
182,0,189,2
183,0,190,1
182,0,190,2
183,0,191,1
182,0,191,2
183,0,192,1
182,0,192,2
183,0,193,1
182,0,193,2
186,1,195,1
187,1,195,2
188,1,195,3
189,1,195,4
190,1,195,5
191,1,195,6
192,1,195,7
193,1,195,8
195,0,197,1
195,0,197,2
195,0,198,1
195,0,198,2
195,0,199,1
195,0,199,2
195,0,200,1
195,0,200,2
197,1,202,1
198,1,202,2
199,1,202,3
200,1,202,4
202,0,204,1
202,0,204,2
202,0,205,1
202,0,205,2
204,1,207,1
205,1,207,2
139,2,213,1
140,2,213,2
141,2,213,3
142,2,213,4
143,2,213,5
144,2,213,6
211,1,213,7
211,2,213,8
211,3,213,9
211,4,213,10
211,5,213,11
211,6,213,12
211,7,213,13
211,8,213,14
211,9,213,15
211,10,213,16
211,11,213,17
211,12,213,18
211,13,213,19
211,14,213,20
213,1,215,1
213,2,215,2
213,3,215,3
213,4,215,4
213,5,215,5
213,6,215,6
213,7,215,7
213,8,215,8
213,9,215,9
213,10,215,10
213,11,216,1
213,12,216,2
213,13,216,3
213,14,216,4
213,15,216,5
213,16,216,6
213,17,216,7
213,18,216,8
213,19,216,9
213,20,216,10
215,0,218,1
216,0,218,2
215,0,219,1
216,0,219,2
215,0,220,1
216,0,220,2
215,0,221,1
216,0,221,2
215,0,222,1
216,0,222,2
215,0,223,1
216,0,223,2
215,0,224,1
216,0,224,2
215,0,225,1
216,0,225,2
215,0,226,1
216,0,226,2
215,0,227,1
216,0,227,2
218,1,229,1
219,1,229,2
220,1,229,3
221,1,229,4
222,1,229,5
223,1,229,6
224,1,229,7
225,1,229,8
226,1,229,9
227,1,229,10
145,2,229,11
146,2,229,12
147,2,229,13
148,2,229,14
158,2,229,15
159,2,229,16
160,2,229,17
161,2,229,18
162,2,229,19
163,2,229,20
210,1,229,21
210,2,229,22
210,3,229,23
210,4,229,24
210,5,229,25
210,6,229,26
210,7,229,27
210,8,229,28
210,9,229,29
210,10,229,30
210,11,229,31
210,12,229,32
229,1,231,1
229,2,231,2
229,3,231,3
229,4,231,4
229,5,231,5
229,6,231,6
229,7,231,7
229,8,231,8
229,9,232,1
229,10,232,2
229,11,232,3
229,12,232,4
229,13,232,5
229,14,232,6
229,15,232,7
229,16,232,8
229,17,233,1
229,18,233,2
229,19,233,3
229,20,233,4
229,21,233,5
229,22,233,6
229,23,233,7
229,24,233,8
229,25,234,1
229,26,234,2
229,27,234,3
229,28,234,4
229,29,234,5
229,30,234,6
229,31,234,7
229,32,234,8
231,0,236,1
232,0,236,2
233,0,236,3
234,0,236,4
231,0,237,1
232,0,237,2
233,0,237,3
234,0,237,4
231,0,238,1
232,0,238,2
233,0,238,3
234,0,238,4
231,0,239,1
232,0,239,2
233,0,239,3
234,0,239,4
231,0,240,1
232,0,240,2
233,0,240,3
234,0,240,4
231,0,241,1
232,0,241,2
233,0,241,3
234,0,241,4
231,0,242,1
232,0,242,2
233,0,242,3
234,0,242,4
231,0,243,1
232,0,243,2
233,0,243,3
234,0,243,4
184,1,245,1
184,2,245,2
184,3,245,3
184,4,245,4
184,5,245,5
184,6,245,6
184,7,245,7
184,8,245,8
236,3,246,1
237,3,246,2
238,3,246,3
239,3,246,4
240,3,246,5
241,3,246,6
242,3,246,7
243,3,246,8
245,1,248,1
245,2,248,2
245,3,248,3
245,4,248,4
245,5,248,5
245,6,248,6
245,7,248,7
245,8,248,8
236,2,249,1
237,2,249,2
238,2,249,3
239,2,249,4
240,2,249,5
241,2,249,6
242,2,249,7
243,2,249,8
249,0,251,1
248,0,251,2
249,0,252,1
248,0,252,2
249,0,253,1
248,0,253,2
249,0,254,1
248,0,254,2
249,0,255,1
248,0,255,2
249,0,256,1
248,0,256,2
249,0,257,1
248,0,257,2
249,0,258,1
248,0,258,2
251,1,260,1
252,1,260,2
253,1,260,3
254,1,260,4
255,1,260,5
256,1,260,6
257,1,260,7
258,1,260,8
236,1,261,1
237,1,261,2
238,1,261,3
239,1,261,4
240,1,261,5
241,1,261,6
242,1,261,7
243,1,261,8
260,0,263,1
261,0,263,2
260,0,264,1
261,0,264,2
260,0,265,1
261,0,265,2
260,0,266,1
261,0,266,2
260,0,267,1
261,0,267,2
260,0,268,1
261,0,268,2
260,0,269,1
261,0,269,2
260,0,270,1
261,0,270,2
263,1,272,1
264,1,272,2
265,1,272,3
266,1,272,4
267,1,272,5
268,1,272,6
269,1,272,7
270,1,272,8
272,0,274,1
272,0,274,2
272,0,275,1
272,0,275,2
272,0,276,1
272,0,276,2
272,0,277,1
272,0,277,2
274,1,279,1
275,1,279,2
276,1,279,3
277,1,279,4
279,0,281,1
279,0,281,2
279,0,282,1
279,0,282,2
281,1,284,1
282,1,284,2
288,5,290,1
288,9,290,2
288,6,291,1
288,10,291,2
288,7,292,1
288,11,292,2
288,8,293,1
288,12,293,2
288,1,295,1
290,1,295,2
288,2,296,1
291,1,296,2
288,3,297,1
292,1,297,2
288,4,298,1
293,1,298,2
295,1,300,1
298,1,300,2
296,1,301,1
297,1,301,2
300,1,303,1
301,1,303,2
306,1,308,1
306,2,308,2
306,3,308,3
306,4,308,4
306,5,308,5
306,6,308,6
306,7,309,1
306,8,309,2
306,9,309,3
306,10,309,4
306,11,309,5
306,12,309,6
313,1,315,1
313,16,315,2
313,2,316,1
313,15,316,2
313,3,317,1
313,14,317,2
313,4,318,1
313,13,318,2
313,5,319,1
313,12,319,2
313,6,320,1
313,11,320,2
313,7,321,1
313,10,321,2
313,8,322,1
313,9,322,2
315,1,324,1
322,1,324,2
316,1,325,1
321,1,325,2
317,1,326,1
320,1,326,2
318,1,327,1
319,1,327,2
324,1,329,1
327,1,329,2
325,1,330,1
326,1,330,2
329,1,332,1
330,1,332,2
335,1,337,1
335,2,337,2
335,3,337,3
335,4,337,4
335,5,338,1
335,6,338,2
335,7,338,3
335,8,338,4
342,5,344,1
342,12,344,2
342,6,345,1
342,11,345,2
342,7,346,1
342,10,346,2
342,8,347,1
342,9,347,2
342,1,349,1
347,1,349,2
342,2,350,1
346,1,350,2
342,3,351,1
345,1,351,2
342,4,352,1
344,1,352,2
349,1,354,1
352,1,354,2
350,1,355,1
351,1,355,2
354,1,357,1
355,1,357,2
360,1,362,1
360,2,362,2
360,3,362,3
360,4,362,4
360,5,362,5
360,6,362,6
360,7,363,1
360,8,363,2
360,9,363,3
360,10,363,4
360,11,363,5
360,12,363,6
370,1,372,1
370,2,372,2
370,3,372,3
370,4,372,4
370,5,372,5
370,6,372,6
370,7,372,7
370,8,372,8
370,9,372,9
370,10,372,10
370,11,372,11
370,12,372,12
370,13,372,13
370,14,372,14
370,15,372,15
370,16,372,16
370,17,372,17
370,18,372,18
370,19,372,19
370,20,372,20
370,21,372,21
370,22,372,22
370,23,372,23
370,24,372,24
372,1,374,1
372,2,374,2
372,3,375,1
372,4,375,2
372,5,376,1
372,6,376,2
372,7,377,1
372,8,377,2
372,9,378,1
372,10,378,2
372,11,379,1
372,12,379,2
372,13,380,1
372,14,380,2
372,15,381,1
372,16,381,2
372,17,383,25
372,18,383,26
372,19,383,27
372,20,383,28
372,21,383,29
372,22,383,30
372,23,383,31
372,24,383,32
374,1,383,33
375,1,383,34
376,1,383,35
377,1,383,36
378,1,383,37
379,1,383,38
380,1,383,39
381,1,383,40
383,1,385,1
383,2,385,2
383,3,386,1
383,4,386,2
383,5,387,1
383,6,387,2
383,7,388,1
383,8,388,2
383,9,389,1
383,10,389,2
383,11,390,1
383,12,390,2
383,13,391,1
383,14,391,2
383,15,392,1
383,16,392,2
383,17,393,1
383,18,393,2
383,19,394,1
383,20,394,2
383,21,395,1
383,22,395,2
383,23,396,1
383,24,396,2
383,25,397,1
383,26,397,2
383,27,398,1
383,28,398,2
383,29,399,1
383,30,399,2
383,31,400,1
383,32,400,2
383,33,401,1
383,34,401,2
383,35,402,1
383,36,402,2
383,37,403,1
383,38,403,2
383,39,404,1
383,40,404,2
385,1,406,45
386,1,406,46
387,1,406,47
388,1,406,48
389,1,406,49
390,1,406,50
391,1,406,51
392,1,406,52
393,1,406,53
394,1,406,54
395,1,406,55
396,1,406,56
397,1,406,57
398,1,406,58
399,1,406,59
400,1,406,60
401,1,406,61
402,1,406,62
403,1,406,63
404,1,406,64
406,1,408,1
406,2,408,2
406,3,409,1
406,4,409,2
406,5,410,1
406,6,410,2
406,7,411,1
406,8,411,2
406,9,412,1
406,10,412,2
406,11,413,1
406,12,413,2
406,13,414,1
406,14,414,2
406,15,415,1
406,16,415,2
406,17,416,1
406,18,416,2
406,19,417,1
406,20,417,2
406,21,418,1
406,22,418,2
406,23,419,1
406,24,419,2
406,25,420,1
406,26,420,2
406,27,421,1
406,28,421,2
406,29,422,1
406,30,422,2
406,31,423,1
406,32,423,2
406,33,424,1
406,34,424,2
406,35,425,1
406,36,425,2
406,37,426,1
406,38,426,2
406,39,427,1
406,40,427,2
406,41,428,1
406,42,428,2
406,43,429,1
406,44,429,2
406,45,430,1
406,46,430,2
406,47,431,1
406,48,431,2
406,49,432,1
406,50,432,2
406,51,433,1
406,52,433,2
406,53,434,1
406,54,434,2
406,55,435,1
406,56,435,2
406,57,436,1
406,58,436,2
406,59,437,1
406,60,437,2
406,61,438,1
406,62,438,2
406,63,439,1
406,64,439,2
408,1,441,1
409,1,441,2
410,1,441,3
411,1,441,4
412,1,441,5
413,1,441,6
414,1,441,7
415,1,441,8
416,1,441,9
417,1,441,10
418,1,441,11
419,1,441,12
420,1,441,13
421,1,441,14
422,1,441,15
423,1,441,16
424,1,441,17
425,1,441,18
426,1,441,19
427,1,441,20
428,1,441,21
429,1,441,22
430,1,441,23
431,1,441,24
432,1,441,25
433,1,441,26
434,1,441,27
435,1,441,28
436,1,441,29
437,1,441,30
438,1,441,31
439,1,441,32
441,1,443,1
441,2,443,2
441,3,444,1
441,4,444,2
441,5,445,1
441,6,445,2
441,7,446,1
441,8,446,2
441,9,447,1
441,10,447,2
441,11,448,1
441,12,448,2
441,13,449,1
441,14,449,2
441,15,450,1
441,16,450,2
441,17,451,1
441,18,451,2
441,19,452,1
441,20,452,2
441,21,453,1
441,22,453,2
441,23,454,1
441,24,454,2
441,25,455,1
441,26,455,2
441,27,456,1
441,28,456,2
441,29,457,1
441,30,457,2
441,31,458,1
441,32,458,2
443,1,460,1
444,1,460,2
445,1,460,3
446,1,460,4
447,1,460,5
448,1,460,6
449,1,460,7
450,1,460,8
451,1,460,9
452,1,460,10
453,1,460,11
454,1,460,12
455,1,460,13
456,1,460,14
457,1,460,15
458,1,460,16
460,1,462,1
460,2,462,2
460,3,463,1
460,4,463,2
460,5,464,1
460,6,464,2
460,7,465,1
460,8,465,2
460,9,466,1
460,10,466,2
460,11,467,1
460,12,467,2
460,13,468,1
460,14,468,2
460,15,469,1
460,16,469,2
462,1,471,1
463,1,471,2
464,1,471,3
465,1,471,4
466,1,471,5
467,1,471,6
468,1,471,7
469,1,471,8
471,1,473,1
471,2,473,2
471,3,474,1
471,4,474,2
471,5,475,1
471,6,475,2
471,7,476,1
471,8,476,2
473,1,478,1
474,1,478,2
475,1,478,3
476,1,478,4
478,1,480,1
478,2,480,2
478,3,481,1
478,4,481,2
480,1,483,1
481,1,483,2
486,1,489,1
486,2,489,2
486,3,489,3
486,4,489,4
486,5,489,5
486,6,489,6
486,7,489,7
486,8,489,8
486,9,489,9
486,10,489,10
486,11,489,11
486,12,489,12
486,13,489,13
486,14,489,14
486,15,489,15
486,16,489,16
486,17,489,17
486,18,489,18
486,19,489,19
486,20,489,20
486,21,489,21
486,22,489,22
486,23,489,23
486,24,489,24
486,25,489,25
486,26,489,26
486,27,489,27
486,28,489,28
486,29,489,29
486,30,489,30
486,31,489,31
486,32,489,32
486,33,489,33
486,34,489,34
486,35,489,35
486,36,489,36
486,37,489,37
486,38,489,38
486,39,489,39
486,40,489,40
486,41,489,41
486,42,489,42
486,43,489,43
486,44,489,44
486,45,489,45
486,46,489,46
486,47,489,47
486,48,489,48
486,49,489,49
486,50,489,50
486,51,489,51
486,52,489,52
486,53,489,53
486,54,489,54
486,55,489,55
486,56,489,56
486,57,489,57
486,58,489,58
486,59,489,59
486,60,489,60
486,61,489,61
486,62,489,62
486,63,489,63
486,64,489,64
486,65,489,65
486,66,489,66
486,67,489,67
486,68,489,68
486,69,489,69
486,70,489,70
486,71,489,71
486,72,489,72
489,1,491,1
489,2,491,2
489,3,492,1
489,4,492,2
489,5,493,1
489,6,493,2
489,7,494,1
489,8,494,2
489,9,495,1
489,10,495,2
489,11,496,1
489,12,496,2
489,13,497,1
489,14,497,2
489,15,498,1
489,16,498,2
489,17,499,1
489,18,499,2
489,19,500,1
489,20,500,2
489,21,501,1
489,22,501,2
489,23,502,1
489,24,502,2
489,25,503,1
489,26,503,2
489,27,504,1
489,28,504,2
489,29,505,1
489,30,505,2
489,31,506,1
489,32,506,2
489,33,507,1
489,34,507,2
489,35,508,1
489,36,508,2
489,37,509,1
489,38,509,2
489,39,510,1
489,40,510,2
489,41,511,1
489,42,511,2
489,43,512,1
489,44,512,2
489,45,513,1
489,46,513,2
489,47,514,1
489,48,514,2
489,49,515,1
489,50,515,2
489,51,516,1
489,52,516,2
489,53,517,1
489,54,517,2
489,55,518,1
489,56,518,2
489,57,519,1
489,58,519,2
489,59,520,1
489,60,520,2
489,61,521,1
489,62,521,2
489,63,522,1
489,64,522,2
489,65,523,1
489,66,523,2
489,67,524,1
489,68,524,2
489,69,525,1
489,70,525,2
489,71,526,1
489,72,526,2
487,9,528,1
487,10,528,2
487,11,528,3
487,12,528,4
487,13,528,5
487,14,528,6
487,15,528,7
487,16,528,8
487,17,528,9
487,18,528,10
487,19,528,11
487,20,528,12
491,1,528,13
492,1,528,14
493,1,528,15
494,1,528,16
495,1,528,17
496,1,528,18
497,1,528,19
498,1,528,20
499,1,528,21
500,1,528,22
501,1,528,23
502,1,528,24
503,1,528,25
504,1,528,26
505,1,528,27
506,1,528,28
507,1,528,29
508,1,528,30
509,1,528,31
510,1,528,32
511,1,528,33
512,1,528,34
513,1,528,35
514,1,528,36
515,1,528,37
516,1,528,38
517,1,528,39
518,1,528,40
519,1,528,41
520,1,528,42
521,1,528,43
522,1,528,44
523,1,528,45
524,1,528,46
525,1,528,47
526,1,528,48
528,1,530,1
528,2,530,2
528,3,531,1
528,4,531,2
528,5,532,1
528,6,532,2
528,7,533,1
528,8,533,2
528,9,534,1
528,10,534,2
528,11,535,1
528,12,535,2
528,13,536,1
528,14,536,2
528,15,537,1
528,16,537,2
528,17,538,1
528,18,538,2
528,19,539,1
528,20,539,2
528,21,540,1
528,22,540,2
528,23,541,1
528,24,541,2
528,25,542,1
528,26,542,2
528,27,543,1
528,28,543,2
528,29,544,1
528,30,544,2
528,31,545,1
528,32,545,2
528,33,546,1
528,34,546,2
528,35,547,1
528,36,547,2
528,37,548,1
528,38,548,2
528,39,549,1
528,40,549,2
528,41,550,1
528,42,550,2
528,43,551,1
528,44,551,2
528,45,552,1
528,46,552,2
528,47,553,1
528,48,553,2
487,1,555,1
487,2,555,2
487,3,555,3
487,4,555,4
487,5,555,5
487,6,555,6
487,7,555,7
487,8,555,8
530,1,555,9
531,1,555,10
532,1,555,11
533,1,555,12
534,1,555,13
535,1,555,14
536,1,555,15
537,1,555,16
538,1,555,17
539,1,555,18
540,1,555,19
541,1,555,20
542,1,555,21
543,1,555,22
544,1,555,23
545,1,555,24
546,1,555,25
547,1,555,26
548,1,555,27
549,1,555,28
550,1,555,29
551,1,555,30
552,1,555,31
553,1,555,32
555,1,557,1
555,2,557,2
555,3,558,1
555,4,558,2
555,5,559,1
555,6,559,2
555,7,560,1
555,8,560,2
555,9,561,1
555,10,561,2
555,11,562,1
555,12,562,2
555,13,563,1
555,14,563,2
555,15,564,1
555,16,564,2
555,17,565,1
555,18,565,2
555,19,566,1
555,20,566,2
555,21,567,1
555,22,567,2
555,23,568,1
555,24,568,2
555,25,569,1
555,26,569,2
555,27,570,1
555,28,570,2
555,29,571,1
555,30,571,2
555,31,572,1
555,32,572,2
557,1,574,1
558,1,574,2
559,1,574,3
560,1,574,4
561,1,574,5
562,1,574,6
563,1,574,7
564,1,574,8
565,1,574,9
566,1,574,10
567,1,574,11
568,1,574,12
569,1,574,13
570,1,574,14
571,1,574,15
572,1,574,16
574,1,576,1
574,2,576,2
574,3,577,1
574,4,577,2
574,5,578,1
574,6,578,2
574,7,579,1
574,8,579,2
574,9,580,1
574,10,580,2
574,11,581,1
574,12,581,2
574,13,582,1
574,14,582,2
574,15,583,1
574,16,583,2
576,1,585,1
577,1,585,2
578,1,585,3
579,1,585,4
580,1,585,5
581,1,585,6
582,1,585,7
583,1,585,8
585,1,587,1
585,2,587,2
585,3,588,1
585,4,588,2
585,5,589,1
585,6,589,2
585,7,590,1
585,8,590,2
587,1,592,1
588,1,592,2
589,1,592,3
590,1,592,4
592,1,594,1
592,2,594,2
592,3,595,1
592,4,595,2
594,1,597,1
595,1,597,2
600,0,602,1
600,0,602,2
600,0,602,3
600,0,603,1
600,0,603,2
600,0,603,3
600,0,604,1
600,0,604,2
600,0,604,3
600,0,605,1
600,0,605,2
600,0,605,3
600,0,606,1
600,0,606,2
600,0,606,3
600,0,607,1
600,0,607,2
600,0,607,3
600,0,608,1
600,0,608,2
600,0,608,3
600,0,609,1
600,0,609,2
600,0,609,3
600,0,610,1
600,0,610,2
600,0,610,3
600,0,611,1
600,0,611,2
600,0,611,3
600,0,612,1
600,0,612,2
600,0,612,3
600,0,613,1
600,0,613,2
600,0,613,3
600,0,614,1
600,0,614,2
600,0,614,3
600,0,615,1
600,0,615,2
600,0,615,3
600,0,616,1
600,0,616,2
600,0,616,3
600,0,617,1
600,0,617,2
600,0,617,3
602,1,619,1
603,1,619,2
604,1,619,3
605,1,619,4
606,1,619,5
607,1,619,6
608,1,619,7
609,1,619,8
602,2,620,1
603,2,620,2
604,2,620,3
605,2,620,4
606,2,620,5
607,2,620,6
608,2,620,7
609,2,620,8
610,1,621,1
611,1,621,2
612,1,621,3
613,1,621,4
614,1,621,5
615,1,621,6
616,1,621,7
617,1,621,8
610,2,622,1
611,2,622,2
612,2,622,3
613,2,622,4
614,2,622,5
615,2,622,6
616,2,622,7
617,2,622,8
619,0,624,1
620,0,624,2
619,0,625,1
620,0,625,2
619,0,626,1
620,0,626,2
619,0,627,1
620,0,627,2
619,0,628,1
620,0,628,2
619,0,629,1
620,0,629,2
619,0,630,1
620,0,630,2
619,0,631,1
620,0,631,2
621,0,632,1
622,0,632,2
621,0,633,1
622,0,633,2
621,0,634,1
622,0,634,2
621,0,635,1
622,0,635,2
621,0,636,1
622,0,636,2
621,0,637,1
622,0,637,2
621,0,638,1
622,0,638,2
621,0,639,1
622,0,639,2
624,1,641,1
625,1,641,2
626,1,641,3
627,1,641,4
628,1,641,5
629,1,641,6
630,1,641,7
631,1,641,8
632,1,642,1
633,1,642,2
634,1,642,3
635,1,642,4
636,1,642,5
637,1,642,6
638,1,642,7
639,1,642,8
641,0,644,1
641,0,644,2
641,0,645,1
641,0,645,2
641,0,646,1
641,0,646,2
641,0,647,1
641,0,647,2
642,0,648,1
642,0,648,2
642,0,649,1
642,0,649,2
642,0,650,1
642,0,650,2
642,0,651,1
642,0,651,2
644,1,653,1
645,1,653,2
646,1,653,3
647,1,653,4
648,1,653,5
649,1,653,6
650,1,653,7
651,1,653,8
653,0,655,1
653,0,655,2
653,0,656,1
653,0,656,2
653,0,657,1
653,0,657,2
653,0,658,1
653,0,658,2
655,1,660,1
656,1,660,2
657,1,660,3
658,1,660,4
660,0,662,1
660,0,662,2
660,0,663,1
660,0,663,2
662,1,665,1
663,1,665,2
671,6,682,1
671,3,682,2
671,5,683,1
671,4,683,2
683,1,685,1
682,1,685,2
674,6,690,1
674,3,690,2
674,5,691,1
674,4,691,2
691,1,693,1
690,1,693,2
677,7,698,1
677,4,698,2
677,6,699,1
677,5,699,2
699,1,701,1
698,1,701,2
709,1,711,1
709,2,711,2
709,3,711,3
709,4,711,4
709,5,711,5
709,6,711,6
709,7,711,7
709,8,711,8
709,9,711,9
709,10,711,10
709,11,711,11
709,12,711,12
709,13,711,13
709,14,711,14
709,15,711,15
709,16,711,16
709,17,711,17
709,18,711,18
709,19,711,19
709,20,711,20
711,1,713,1
711,2,713,2
711,3,714,1
711,4,714,2
711,5,715,1
711,6,715,2
711,7,716,1
711,8,716,2
711,9,717,1
711,10,717,2
711,11,718,1
711,12,718,2
711,13,719,1
711,14,719,2
711,15,720,1
711,16,720,2
708,1,722,1
708,2,722,2
708,3,722,3
708,4,722,4
708,5,722,5
708,6,722,6
708,7,722,7
708,8,722,8
708,9,722,9
708,10,722,10
708,11,722,11
708,12,722,12
708,13,722,13
708,14,722,14
708,15,722,15
708,16,722,16
708,17,722,17
708,18,722,18
708,19,722,19
708,20,722,20
711,17,722,21
711,18,722,22
711,19,722,23
711,20,722,24
713,1,722,25
714,1,722,26
715,1,722,27
716,1,722,28
717,1,722,29
718,1,722,30
719,1,722,31
720,1,722,32
722,1,724,1
722,2,724,2
722,3,725,1
722,4,725,2
722,5,726,1
722,6,726,2
722,7,727,1
722,8,727,2
722,9,728,1
722,10,728,2
722,11,729,1
722,12,729,2
722,13,730,1
722,14,730,2
722,15,731,1
722,16,731,2
722,17,732,1
722,18,732,2
722,19,733,1
722,20,733,2
722,21,734,1
722,22,734,2
722,23,735,1
722,24,735,2
722,25,736,1
722,26,736,2
722,27,737,1
722,28,737,2
722,29,738,1
722,30,738,2
722,31,739,1
722,32,739,2
724,1,741,1
725,1,741,2
726,1,741,3
727,1,741,4
728,1,741,5
729,1,741,6
730,1,741,7
731,1,741,8
732,1,741,9
733,1,741,10
734,1,741,11
735,1,741,12
736,1,741,13
737,1,741,14
738,1,741,15
739,1,741,16
741,1,743,1
741,2,743,2
741,3,744,1
741,4,744,2
741,5,745,1
741,6,745,2
741,7,746,1
741,8,746,2
741,9,747,1
741,10,747,2
741,11,748,1
741,12,748,2
741,13,749,1
741,14,749,2
741,15,750,1
741,16,750,2
743,1,752,1
744,1,752,2
745,1,752,3
746,1,752,4
747,1,752,5
748,1,752,6
749,1,752,7
750,1,752,8
752,1,754,1
752,2,754,2
752,3,755,1
752,4,755,2
752,5,756,1
752,6,756,2
752,7,757,1
752,8,757,2
754,1,759,1
755,1,759,2
756,1,759,3
757,1,759,4
759,1,761,1
759,2,761,2
759,3,762,1
759,4,762,2
761,1,764,1
762,1,764,2
770,4,775,1
770,5,775,2
770,3,777,1
775,1,777,2
767,18,779,1
777,1,779,2
784,1,787,1
784,2,787,2
784,3,787,3
784,4,787,4
784,5,787,5
784,6,787,6
784,7,787,7
784,8,787,8
784,9,787,9
784,10,787,10
784,11,787,11
784,12,787,12
784,13,787,13
784,14,787,14
784,15,787,15
784,16,787,16
784,17,787,17
784,18,787,18
785,1,787,19
785,2,787,20
785,3,787,21
785,4,787,22
785,5,787,23
785,6,787,24
785,7,787,25
785,8,787,26
785,9,787,27
785,10,787,28
787,1,789,1
787,2,789,2
787,3,790,1
787,4,790,2
787,5,791,1
787,6,791,2
787,7,792,1
787,8,792,2
787,9,793,1
787,10,793,2
787,11,794,1
787,12,794,2
787,13,795,1
787,14,795,2
787,15,796,1
787,16,796,2
787,17,797,1
787,18,797,2
787,19,798,1
787,20,798,2
787,21,799,1
787,22,799,2
787,23,800,1
787,24,800,2
787,25,801,1
787,26,801,2
787,27,802,1
787,28,802,2
783,1,804,1
783,2,804,2
783,3,804,3
783,4,804,4
783,5,804,5
783,6,804,6
783,7,804,7
783,8,804,8
783,9,804,9
783,10,804,10
783,11,804,11
783,12,804,12
783,13,804,13
783,14,804,14
783,15,804,15
783,16,804,16
783,17,804,17
783,18,804,18
789,1,804,19
790,1,804,20
791,1,804,21
792,1,804,22
793,1,804,23
794,1,804,24
795,1,804,25
796,1,804,26
797,1,804,27
798,1,804,28
799,1,804,29
800,1,804,30
801,1,804,31
802,1,804,32
804,1,806,1
804,2,806,2
804,3,807,1
804,4,807,2
804,5,808,1
804,6,808,2
804,7,809,1
804,8,809,2
804,9,810,1
804,10,810,2
804,11,811,1
804,12,811,2
804,13,812,1
804,14,812,2
804,15,813,1
804,16,813,2
804,17,814,1
804,18,814,2
804,19,815,1
804,20,815,2
804,21,816,1
804,22,816,2
804,23,817,1
804,24,817,2
804,25,818,1
804,26,818,2
804,27,819,1
804,28,819,2
804,29,820,1
804,30,820,2
804,31,821,1
804,32,821,2
806,1,823,1
807,1,823,2
808,1,823,3
809,1,823,4
810,1,823,5
811,1,823,6
812,1,823,7
813,1,823,8
814,1,823,9
815,1,823,10
816,1,823,11
817,1,823,12
818,1,823,13
819,1,823,14
820,1,823,15
821,1,823,16
823,1,825,1
823,2,825,2
823,3,826,1
823,4,826,2
823,5,827,1
823,6,827,2
823,7,828,1
823,8,828,2
823,9,829,1
823,10,829,2
823,11,830,1
823,12,830,2
823,13,831,1
823,14,831,2
823,15,832,1
823,16,832,2
825,1,834,1
826,1,834,2
827,1,834,3
828,1,834,4
829,1,834,5
830,1,834,6
831,1,834,7
832,1,834,8
834,1,836,1
834,2,836,2
834,3,837,1
834,4,837,2
834,5,838,1
834,6,838,2
834,7,839,1
834,8,839,2
836,1,841,1
837,1,841,2
838,1,841,3
839,1,841,4
841,1,843,1
841,2,843,2
841,3,844,1
841,4,844,2
843,1,846,1
844,1,846,2
849,16,857,1
852,3,857,2
852,16,865,1
860,3,865,2
868,1,870,1
868,2,870,2
882,0,885,1
883,0,885,2
882,0,886,1
883,0,886,2
882,0,887,1
883,0,887,2
883,0,888,1
883,0,888,2
882,0,889,1
883,0,889,2
882,0,890,1
883,0,890,2
882,0,891,1
883,0,891,2
883,0,892,1
883,0,892,2
882,0,893,1
883,0,893,2
882,0,894,1
883,0,894,2
882,0,895,1
883,0,895,2
883,0,896,1
883,0,896,2
882,0,897,1
883,0,897,2
882,0,898,1
883,0,898,2
882,0,899,1
883,0,899,2
883,0,900,1
883,0,900,2
885,1,902,1
886,1,902,2
887,1,903,1
888,1,903,2
889,1,904,1
890,1,904,2
891,1,905,1
892,1,905,2
893,1,906,1
894,1,906,2
895,1,907,1
896,1,907,2
897,1,908,1
898,1,908,2
899,1,909,1
900,1,909,2
881,1,911,1
909,1,911,2
881,8,912,1
902,1,912,2
881,4,913,1
906,1,913,2
881,5,914,1
905,1,914,2
881,2,915,1
908,1,915,2
881,7,916,1
903,1,916,2
881,3,917,1
907,1,917,2
881,6,918,1
904,1,918,2
911,1,920,1
912,1,920,2
913,1,921,1
914,1,921,2
915,1,922,1
916,1,922,2
917,1,923,1
918,1,923,2
920,1,925,1
921,1,925,2
922,1,926,1
923,1,926,2
925,1,928,1
926,1,928,2
934,6,939,1
934,7,939,2
934,5,940,1
934,8,940,2
939,1,942,1
934,3,942,2
940,1,943,1
934,4,943,2
942,1,945,1
943,1,945,2
949,15,951,1
949,18,951,2
949,16,952,1
949,17,952,2
949,1,954,1
951,1,954,2
949,2,955,1
952,1,955,2
949,3,956,1
949,14,956,2
949,4,957,1
949,13,957,2
949,5,958,1
949,12,958,2
949,6,959,1
949,11,959,2
949,7,960,1
949,10,960,2
949,8,961,1
949,9,961,2
954,1,963,1
961,1,963,2
955,1,964,1
960,1,964,2
956,1,965,1
959,1,965,2
957,1,966,1
958,1,966,2
963,1,968,1
966,1,968,2
964,1,969,1
965,1,969,2
968,1,971,1
969,1,971,2
978,1,980,1
978,16,980,2
978,2,981,1
978,15,981,2
978,3,982,1
978,14,982,2
978,4,983,1
978,13,983,2
978,5,984,1
978,12,984,2
978,6,985,1
978,11,985,2
978,7,986,1
978,10,986,2
978,8,987,1
978,9,987,2
980,1,989,1
987,1,989,2
981,1,990,1
986,1,990,2
982,1,991,1
985,1,991,2
983,1,992,1
984,1,992,2
989,1,994,1
992,1,994,2
990,1,995,1
991,1,995,2
994,1,997,1
995,1,997,2
1004,0,1006,1
1004,0,1006,2
1004,0,1007,1
1004,0,1007,2
1004,0,1008,1
1004,0,1008,2
1004,0,1009,1
1004,0,1009,2
1004,0,1010,1
1004,0,1010,2
1004,0,1011,1
1004,0,1011,2
1004,0,1012,1
1004,0,1012,2
1004,0,1013,1
1004,0,1013,2
1006,1,1015,1
1013,1,1015,2
1007,1,1016,1
1012,1,1016,2
1008,1,1017,1
1011,1,1017,2
1009,1,1018,1
1010,1,1018,2
1015,1,1020,1
1018,1,1020,2
1016,1,1021,1
1017,1,1021,2
1020,1,1023,1
1021,1,1023,2
1030,1,1032,1
1030,16,1032,2
1030,2,1033,1
1030,15,1033,2
1030,3,1034,1
1030,14,1034,2
1030,4,1035,1
1030,13,1035,2
1030,5,1036,1
1030,12,1036,2
1030,6,1037,1
1030,11,1037,2
1030,7,1038,1
1030,10,1038,2
1030,8,1039,1
1030,9,1039,2
1032,1,1041,1
1039,1,1041,2
1033,1,1042,1
1038,1,1042,2
1034,1,1043,1
1037,1,1043,2
1035,1,1044,1
1036,1,1044,2
1041,1,1046,1
1044,1,1046,2
1042,1,1047,1
1043,1,1047,2
1046,1,1049,1
1047,1,1049,2
1056,5,1058,1
1056,12,1058,2
1056,6,1059,1
1056,11,1059,2
1056,7,1060,1
1056,10,1060,2
1056,8,1061,1
1056,9,1061,2
1056,1,1063,1
1058,1,1063,2
1056,2,1064,1
1059,1,1064,2
1056,3,1065,1
1060,1,1065,2
1056,4,1066,1
1061,1,1066,2
1063,1,1068,1
1066,1,1068,2
1064,1,1069,1
1065,1,1069,2
1068,1,1071,1
1069,1,1071,2
1074,1,1076,1
1074,2,1076,2
1074,3,1076,3
1074,4,1076,4
1074,5,1076,5
1074,6,1076,6
1074,7,1077,1
1074,8,1077,2
1074,9,1077,3
1074,10,1077,4
1074,11,1077,5
1074,12,1077,6
1081,0,1083,1
1081,0,1083,2
1081,0,1084,1
1081,0,1084,2
1083,1,1086,1
1084,1,1086,2
1090,1,1092,1
1090,2,1092,2
1090,3,1092,3
1090,4,1092,4
1090,5,1092,5
1090,6,1092,6
1090,7,1092,7
1090,8,1092,8
1090,9,1092,9
1090,10,1092,10
1090,11,1092,11
1090,12,1092,12
1090,13,1092,13
1090,14,1092,14
1090,15,1092,15
1090,16,1092,16
1090,17,1092,17
1090,18,1092,18
1090,19,1092,19
1090,20,1092,20
1090,21,1092,21
1090,22,1092,22
1092,3,1094,1
1092,4,1094,2
1092,5,1095,1
1092,6,1095,2
1092,7,1096,1
1092,8,1096,2
1092,9,1097,1
1092,10,1097,2
1092,11,1098,1
1092,12,1098,2
1092,13,1099,1
1092,14,1099,2
1092,15,1100,1
1092,16,1100,2
1092,17,1101,1
1092,18,1101,2
1092,19,1102,1
1092,20,1102,2
1092,21,1103,1
1092,22,1103,2
1089,1,1105,1
1092,1,1105,2
1089,8,1106,1
1098,1,1106,2
1089,9,1107,1
1097,1,1107,2
1089,16,1108,1
1089,17,1108,2
1089,4,1109,1
1102,1,1109,2
1089,5,1110,1
1101,1,1110,2
1089,12,1111,1
1094,1,1111,2
1089,13,1112,1
1089,20,1112,2
1089,2,1113,1
1092,2,1113,2
1089,7,1114,1
1099,1,1114,2
1089,10,1115,1
1096,1,1115,2
1089,15,1116,1
1089,18,1116,2
1089,3,1117,1
1103,1,1117,2
1089,6,1118,1
1100,1,1118,2
1089,11,1119,1
1095,1,1119,2
1089,14,1120,1
1089,19,1120,2
1105,1,1122,1
1106,1,1122,2
1107,1,1123,1
1108,1,1123,2
1109,1,1124,1
1110,1,1124,2
1111,1,1125,1
1112,1,1125,2
1113,1,1126,1
1114,1,1126,2
1115,1,1127,1
1116,1,1127,2
1117,1,1128,1
1118,1,1128,2
1119,1,1129,1
1120,1,1129,2
1122,1,1131,1
1123,1,1131,2
1124,1,1132,1
1125,1,1132,2
1126,1,1133,1
1127,1,1133,2
1128,1,1134,1
1129,1,1134,2
1131,1,1136,1
1132,1,1136,2
1133,1,1137,1
1134,1,1137,2
1136,1,1139,1
1137,1,1139,2
1145,6,1150,1
1145,3,1150,2
1145,5,1151,1
1145,4,1151,2
1151,1,1153,1
1150,1,1153,2
1157,1,1159,1
1157,8,1159,2
1157,12,1159,3
1157,16,1159,4
1157,2,1160,1
1157,7,1160,2
1157,11,1160,3
1157,15,1160,4
1157,3,1161,1
1157,6,1161,2
1157,10,1161,3
1157,14,1161,4
1157,4,1162,1
1157,5,1162,2
1157,9,1162,3
1157,13,1162,4
1159,1,1164,1
1162,2,1164,2
1159,2,1165,1
1162,1,1165,2
1160,1,1166,1
1161,2,1166,2
1160,2,1167,1
1161,1,1167,2
1164,1,1169,1
1167,1,1169,2
1165,1,1170,1
1166,1,1170,2
1169,1,1172,1
1170,1,1172,2
1186,14,1188,1
1186,19,1188,2
1186,15,1189,1
1186,18,1189,2
1186,16,1190,1
1186,17,1190,2
1186,1,1192,1
1188,1,1192,2
1186,2,1193,1
1189,1,1193,2
1186,3,1194,1
1190,1,1194,2
1186,4,1195,1
1186,13,1195,2
1186,5,1196,1
1186,12,1196,2
1186,6,1197,1
1186,11,1197,2
1186,7,1198,1
1186,10,1198,2
1186,8,1199,1
1186,9,1199,2
1192,1,1201,1
1199,1,1201,2
1193,1,1202,1
1198,1,1202,2
1194,1,1203,1
1197,1,1203,2
1195,1,1204,1
1196,1,1204,2
1201,1,1206,1
1204,1,1206,2
1202,1,1207,1
1203,1,1207,2
1206,1,1209,1
1207,1,1209,2
1216,1,1218,1
1216,16,1218,2
1216,2,1219,1
1216,15,1219,2
1216,3,1220,1
1216,14,1220,2
1216,4,1221,1
1216,13,1221,2
1216,5,1222,1
1216,12,1222,2
1216,6,1223,1
1216,11,1223,2
1216,7,1224,1
1216,10,1224,2
1216,8,1225,1
1216,9,1225,2
1218,1,1227,1
1225,1,1227,2
1219,1,1228,1
1224,1,1228,2
1220,1,1229,1
1223,1,1229,2
1221,1,1230,1
1222,1,1230,2
1227,1,1232,1
1230,1,1232,2
1228,1,1233,1
1229,1,1233,2
1232,1,1235,1
1233,1,1235,2
1239,1,1241,1
1239,2,1241,2
1239,3,1241,3
1239,4,1241,4
1239,5,1241,5
1239,6,1241,6
1239,7,1242,1
1239,8,1242,2
1239,9,1242,3
1239,10,1242,4
1239,11,1242,5
1239,12,1242,6
1239,13,1242,7
1239,14,1242,8
1239,15,1242,9
1239,16,1242,10
1249,0,1252,1
1250,0,1252,2
1249,0,1253,1
1250,0,1253,2
1249,0,1254,1
1250,0,1254,2
1249,0,1255,1
1250,0,1255,2
1252,1,1257,1
1253,1,1257,2
1254,1,1258,1
1255,1,1258,2
1257,1,1260,1
1258,1,1260,2
1264,0,1266,1
1264,0,1266,2
1264,0,1266,3
1264,0,1266,4
1264,0,1266,5
1264,0,1266,6
1264,0,1266,7
1264,0,1266,8
1264,0,1266,9
1264,0,1266,10
1264,0,1266,11
1264,0,1266,12
1264,0,1266,13
1264,0,1266,14
1264,0,1266,15
1264,0,1266,16
1264,0,1266,17
1264,0,1266,18
1264,0,1266,19
1264,0,1266,20
1264,0,1266,21
1264,0,1266,22
1264,0,1266,23
1264,0,1266,24
1264,0,1266,25
1266,1,1268,1
1266,2,1268,2
1266,3,1269,1
1266,4,1269,2
1266,5,1270,1
1266,6,1270,2
1266,7,1271,1
1266,8,1271,2
1266,9,1272,1
1266,10,1272,2
1266,11,1273,1
1266,12,1273,2
1266,13,1274,1
1266,14,1274,2
1266,15,1275,1
1266,16,1275,2
1266,17,1276,1
1266,18,1276,2
1276,1,1278,1
1268,1,1278,2
1266,19,1279,1
1269,1,1279,2
1266,20,1280,1
1270,1,1280,2
1266,21,1281,1
1271,1,1281,2
1266,22,1282,1
1272,1,1282,2
1266,23,1283,1
1273,1,1283,2
1266,24,1284,1
1274,1,1284,2
1266,25,1285,1
1275,1,1285,2
1278,1,1287,1
1284,1,1287,2
1280,1,1288,1
1283,1,1288,2
1279,1,1289,1
1285,1,1289,2
1282,1,1290,1
1281,1,1290,2
1287,1,1292,1
1288,1,1292,2
1289,1,1293,1
1290,1,1293,2
1292,1,1295,1
1293,1,1295,2
1298,4,1301,1
1298,5,1301,2
1299,4,1302,1
1299,5,1302,2
1298,3,1303,1
1298,6,1303,2
1299,3,1304,1
1299,6,1304,2
1298,2,1305,1
1298,7,1305,2
1299,2,1306,1
1299,7,1306,2
1298,1,1309,1
1301,1,1309,2
1303,1,1310,1
1305,1,1310,2
1299,1,1312,1
1302,1,1312,2
1304,1,1313,1
1306,1,1313,2
1309,1,1315,1
1310,1,1315,2
1312,1,1316,1
1313,1,1316,2
1315,2,1318,1
1315,1,1318,2
1316,2,1319,1
1316,1,1319,2
1318,1,1321,1
1319,1,1321,2
1321,1,1323,1
1321,2,1323,2
1327,5,1329,1
1327,12,1329,2
1327,6,1330,1
1327,11,1330,2
1327,7,1331,1
1327,10,1331,2
1327,8,1332,1
1327,9,1332,2
1332,1,1334,1
1327,1,1334,2
1331,1,1335,1
1327,2,1335,2
1330,1,1336,1
1327,3,1336,2
1329,1,1337,1
1327,4,1337,2
1334,1,1339,1
1335,1,1339,2
1336,1,1339,3
1337,1,1339,4
1339,4,1341,1
1339,1,1341,2
1339,3,1342,1
1339,2,1342,2
1341,1,1344,1
1342,1,1344,2
1344,1,1346,1
1344,2,1346,2
1349,5,1351,1
1349,12,1351,2
1349,6,1352,1
1349,11,1352,2
1349,7,1353,1
1349,10,1353,2
1349,8,1354,1
1349,9,1354,2
1354,1,1356,1
1349,1,1356,2
1353,1,1357,1
1349,2,1357,2
1352,1,1358,1
1349,3,1358,2
1351,1,1359,1
1349,4,1359,2
1356,1,1361,1
1357,1,1361,2
1358,1,1361,3
1359,1,1361,4
1361,4,1363,1
1361,1,1363,2
1361,3,1364,1
1361,2,1364,2
1363,1,1366,1
1364,1,1366,2
1366,1,1368,1
1366,2,1368,2
1375,0,1378,1
1375,0,1378,2
1376,0,1378,3
1376,0,1378,4
1375,0,1379,1
1375,0,1379,2
1376,0,1379,3
1376,0,1379,4
1378,1,1381,1
1379,2,1381,2
1379,1,1382,1
1378,2,1382,2
1381,1,1384,1
1382,1,1384,2
1387,1,1389,1
1387,5,1389,2
1387,9,1389,3
1387,13,1389,4
1387,2,1390,1
1387,6,1390,2
1387,10,1390,3
1387,14,1390,4
1387,3,1391,1
1387,7,1391,2
1387,11,1391,3
1387,15,1391,4
1387,4,1392,1
1387,8,1392,2
1387,12,1392,3
1387,16,1392,4
1389,1,1394,1
1390,1,1394,2
1391,1,1394,3
1392,1,1394,4
1389,2,1395,1
1390,2,1395,2
1391,2,1395,3
1392,2,1395,4
1394,0,1397,1
1395,0,1397,2
1394,0,1398,1
1395,0,1398,2
1394,0,1399,1
1395,0,1399,2
1394,0,1400,1
1395,0,1400,2
1397,1,1402,1
1400,1,1402,2
1398,1,1403,1
1399,1,1403,2
1402,1,1405,1
1403,1,1405,2
1409,3,1411,1
1409,6,1411,2
1409,4,1412,1
1409,5,1412,2
1411,1,1414,1
1412,1,1414,2
1409,1,1416,1
1414,2,1416,2
1409,2,1417,1
1414,1,1417,2
1416,1,1419,1
1417,1,1419,2
1419,1,1421,1
1419,2,1421,2
1425,1,1427,1
1425,2,1427,2
1425,3,1427,3
1425,4,1427,4
1425,5,1427,5
1425,6,1427,6
1425,7,1428,1
1425,8,1428,2
1425,9,1428,3
1425,10,1428,4
1425,11,1428,5
1425,12,1428,6
1439,1,1442,1
1439,2,1442,2
1439,3,1442,3
1439,4,1443,1
1439,5,1443,2
1439,6,1443,3
1439,7,1444,1
1439,8,1444,2
1439,9,1444,3
1439,10,1445,1
1440,1,1445,2
1440,2,1445,3
1442,0,1447,1
1443,0,1447,2
1444,0,1447,3
1445,0,1447,4
1442,0,1448,1
1443,0,1448,2
1444,0,1448,3
1445,0,1448,4
1442,0,1449,1
1443,0,1449,2
1444,0,1449,3
1445,0,1449,4
1447,3,1451,1
1448,3,1451,2
1449,3,1451,3
1451,1,1453,1
1451,2,1453,2
1447,1,1455,1
1453,0,1455,2
1447,2,1456,1
1449,2,1456,2
1448,1,1457,1
1453,0,1457,2
1449,1,1458,1
1448,2,1458,2
1455,1,1460,1
1456,1,1460,2
1457,1,1461,1
1458,1,1461,2
1460,2,1463,1
1461,2,1463,2
1460,1,1465,1
1461,1,1465,2
1468,1,1470,1
1468,5,1470,2
1468,9,1470,3
1468,13,1470,4
1468,2,1471,1
1468,6,1471,2
1468,10,1471,3
1468,14,1471,4
1468,3,1472,1
1468,7,1472,2
1468,11,1472,3
1468,15,1472,4
1468,4,1473,1
1468,8,1473,2
1468,12,1473,3
1468,16,1473,4
1470,1,1475,1
1471,1,1475,2
1472,1,1475,3
1473,1,1475,4
1470,2,1476,1
1471,2,1476,2
1472,2,1476,3
1473,2,1476,4
1475,0,1478,1
1476,0,1478,2
1475,0,1479,1
1476,0,1479,2
1475,0,1480,1
1476,0,1480,2
1475,0,1481,1
1476,0,1481,2
1478,1,1483,1
1479,1,1483,2
1480,1,1483,3
1481,1,1483,4
1483,4,1485,1
1483,1,1485,2
1483,3,1486,1
1483,2,1486,2
1485,1,1488,1
1486,1,1488,2
1488,2,1490,1
1488,1,1490,2
1497,13,1499,1
1497,20,1499,2
1497,14,1500,1
1497,19,1500,2
1497,15,1501,1
1497,18,1501,2
1497,16,1502,1
1497,17,1502,2
1497,1,1504,1
1499,1,1504,2
1497,2,1505,1
1500,1,1505,2
1497,3,1506,1
1501,1,1506,2
1497,4,1507,1
1502,1,1507,2
1497,5,1508,1
1497,12,1508,2
1497,6,1509,1
1497,11,1509,2
1497,7,1510,1
1497,10,1510,2
1497,8,1511,1
1497,9,1511,2
1504,1,1513,1
1511,1,1513,2
1505,1,1514,1
1510,1,1514,2
1506,1,1515,1
1509,1,1515,2
1507,1,1516,1
1508,1,1516,2
1513,1,1518,1
1516,1,1518,2
1514,1,1519,1
1515,1,1519,2
1518,1,1521,1
1519,1,1521,2
1528,0,1530,1
1528,0,1530,2
1528,0,1530,3
1528,0,1530,4
1528,0,1530,5
1528,0,1530,6
1528,0,1530,7
1528,0,1530,8
1528,0,1530,9
1528,0,1530,10
1528,0,1530,11
1528,0,1530,12
1528,0,1530,13
1528,0,1530,14
1528,0,1531,1
1528,0,1531,2
1528,0,1531,3
1528,0,1531,4
1528,0,1531,5
1528,0,1531,6
1528,0,1531,7
1528,0,1531,8
1528,0,1531,9
1528,0,1531,10
1528,0,1531,11
1528,0,1531,12
1528,0,1531,13
1528,0,1531,14
1530,1,1533,1
1531,4,1533,2
1530,2,1534,1
1531,3,1534,2
1531,1,1535,1
1530,4,1535,2
1531,2,1536,1
1530,3,1536,2
1533,1,1538,1
1534,1,1538,2
1535,1,1539,1
1536,1,1539,2
1538,1,1541,1
1539,1,1541,2
1544,5,1546,1
1544,28,1546,2
1544,6,1547,1
1544,27,1547,2
1544,7,1548,1
1544,26,1548,2
1544,8,1549,1
1544,25,1549,2
1544,9,1550,1
1544,24,1550,2
1544,10,1551,1
1544,23,1551,2
1544,11,1552,1
1544,22,1552,2
1544,12,1553,1
1544,21,1553,2
1544,13,1554,1
1544,20,1554,2
1544,14,1555,1
1544,19,1555,2
1544,15,1556,1
1544,18,1556,2
1544,16,1557,1
1544,17,1557,2
1544,1,1559,1
1557,1,1559,2
1549,1,1560,1
1550,1,1560,2
1544,4,1561,1
1554,1,1561,2
1546,1,1562,1
1553,1,1562,2
1544,2,1563,1
1556,1,1563,2
1548,1,1564,1
1551,1,1564,2
1544,3,1565,1
1555,1,1565,2
1547,1,1566,1
1552,1,1566,2
1559,1,1568,1
1560,1,1568,2
1561,1,1569,1
1562,1,1569,2
1563,1,1570,1
1564,1,1570,2
1565,1,1571,1
1566,1,1571,2
1568,1,1573,1
1569,1,1573,2
1570,1,1574,1
1571,1,1574,2
1573,1,1576,1
1574,1,1576,2
1584,1,1586,1
1584,8,1586,2
1584,2,1587,1
1584,7,1587,2
1584,3,1588,1
1584,6,1588,2
1584,4,1589,1
1584,5,1589,2
1586,1,1591,1
1589,1,1591,2
1587,1,1592,1
1588,1,1592,2
1591,1,1594,1
1592,1,1594,2
1597,1,1599,1
1597,8,1599,2
1597,2,1600,1
1597,7,1600,2
1597,3,1601,1
1597,6,1601,2
1597,4,1602,1
1597,5,1602,2
1599,1,1604,1
1602,1,1604,2
1600,1,1605,1
1601,1,1605,2
1604,1,1607,1
1605,1,1607,2
1611,0,1614,1
1611,0,1614,2
1612,0,1614,3
1612,0,1614,4
1612,0,1614,5
1611,0,1615,1
1611,0,1615,2
1612,0,1615,3
1612,0,1615,4
1612,0,1615,5
1614,1,1617,1
1615,2,1617,2
1615,1,1618,1
1614,2,1618,2
1617,1,1620,1
1618,1,1620,2
1623,2,1631,1
1624,2,1631,2
1625,2,1631,3
1626,2,1631,4
1627,2,1631,5
1628,2,1631,6
1629,1,1631,7
1629,2,1631,8
1629,3,1631,9
1629,4,1631,10
1629,5,1631,11
1629,6,1631,12
1629,7,1631,13
1629,8,1631,14
1629,9,1631,15
1629,10,1631,16
1629,11,1631,17
1629,12,1631,18
1629,13,1631,19
1629,14,1631,20
1631,0,1633,1
1631,0,1633,2
1631,0,1634,1
1631,0,1634,2
1631,0,1635,1
1631,0,1635,2
1631,0,1636,1
1631,0,1636,2
1631,0,1637,1
1631,0,1637,2
1631,0,1638,1
1631,0,1638,2
1631,0,1639,1
1631,0,1639,2
1631,0,1640,1
1631,0,1640,2
1631,0,1641,1
1631,0,1641,2
1631,0,1642,1
1631,0,1642,2
1623,1,1644,1
1624,1,1644,2
1625,1,1644,3
1626,1,1644,4
1627,1,1644,5
1628,1,1644,6
1633,1,1644,7
1634,1,1644,8
1635,1,1644,9
1636,1,1644,10
1637,1,1644,11
1638,1,1644,12
1639,1,1644,13
1640,1,1644,14
1641,1,1644,15
1642,1,1644,16
1644,1,1646,1
1644,2,1646,2
1644,3,1646,3
1644,4,1646,4
1644,5,1647,1
1644,6,1647,2
1644,7,1647,3
1644,8,1647,4
1644,9,1648,1
1644,10,1648,2
1644,11,1648,3
1644,12,1648,4
1644,13,1649,1
1644,14,1649,2
1644,15,1649,3
1644,16,1649,4
1646,0,1651,1
1647,0,1651,2
1648,0,1651,3
1649,0,1651,4
1646,0,1652,1
1647,0,1652,2
1648,0,1652,3
1649,0,1652,4
1646,0,1653,1
1647,0,1653,2
1648,0,1653,3
1649,0,1653,4
1646,0,1654,1
1647,0,1654,2
1648,0,1654,3
1649,0,1654,4
1651,1,1656,1
1652,1,1656,2
1653,1,1656,3
1654,1,1656,4
1651,2,1657,1
1652,2,1657,2
1653,2,1657,3
1654,2,1657,4
1657,0,1659,1
1656,0,1659,2
1657,0,1660,1
1656,0,1660,2
1657,0,1661,1
1656,0,1661,2
1657,0,1662,1
1656,0,1662,2
1659,1,1664,1
1660,1,1664,2
1661,1,1665,1
1662,1,1665,2
1664,1,1667,1
1665,1,1667,2
1670,1,1673,1
1670,2,1673,2
1671,1,1673,3
1671,2,1673,4
1671,3,1673,5
1671,4,1673,6
1633,2,1673,7
1634,2,1673,8
1635,2,1673,9
1636,2,1673,10
1637,2,1673,11
1638,2,1673,12
1639,2,1673,13
1640,2,1673,14
1641,2,1673,15
1642,2,1673,16
1673,1,1675,1
1673,2,1675,2
1673,3,1675,3
1673,4,1675,4
1673,5,1676,1
1673,6,1676,2
1673,7,1676,3
1673,8,1676,4
1673,9,1677,1
1673,10,1677,2
1673,11,1677,3
1673,12,1677,4
1673,13,1678,1
1673,14,1678,2
1673,15,1678,3
1673,16,1678,4
1675,0,1680,1
1676,0,1680,2
1677,0,1680,3
1678,0,1680,4
1675,0,1681,1
1676,0,1681,2
1677,0,1681,3
1678,0,1681,4
1675,0,1682,1
1676,0,1682,2
1677,0,1682,3
1678,0,1682,4
1675,0,1683,1
1676,0,1683,2
1677,0,1683,3
1678,0,1683,4
1680,1,1685,1
1681,1,1685,2
1682,1,1685,3
1683,1,1685,4
1680,2,1686,1
1681,2,1686,2
1682,2,1686,3
1683,2,1686,4
1686,0,1688,1
1685,0,1688,2
1686,0,1689,1
1685,0,1689,2
1686,0,1690,1
1685,0,1690,2
1686,0,1691,1
1685,0,1691,2
1688,1,1693,1
1689,1,1693,2
1690,1,1694,1
1691,1,1694,2
1693,1,1696,1
1694,1,1696,2
1703,15,1705,1
1703,18,1705,2
1703,16,1706,1
1703,17,1706,2
1703,1,1708,1
1705,1,1708,2
1703,2,1709,1
1706,1,1709,2
1703,3,1710,1
1703,14,1710,2
1703,4,1711,1
1703,13,1711,2
1703,5,1712,1
1703,12,1712,2
1703,6,1713,1
1703,11,1713,2
1703,7,1714,1
1703,10,1714,2
1703,8,1715,1
1703,9,1715,2
1708,1,1717,1
1715,1,1717,2
1709,1,1718,1
1714,1,1718,2
1710,1,1719,1
1713,1,1719,2
1711,1,1720,1
1712,1,1720,2
1717,1,1722,1
1720,1,1722,2
1718,1,1723,1
1719,1,1723,2
1722,1,1725,1
1723,1,1725,2
1732,1,1734,1
1732,16,1734,2
1732,2,1735,1
1732,15,1735,2
1732,3,1736,1
1732,14,1736,2
1732,4,1737,1
1732,13,1737,2
1732,5,1738,1
1732,12,1738,2
1732,6,1739,1
1732,11,1739,2
1732,7,1740,1
1732,10,1740,2
1732,8,1741,1
1732,9,1741,2
1734,1,1743,1
1741,1,1743,2
1737,1,1744,1
1738,1,1744,2
1735,1,1745,1
1740,1,1745,2
1736,1,1746,1
1739,1,1746,2
1743,1,1748,1
1744,1,1748,2
1745,1,1749,1
1746,1,1749,2
1748,1,1751,1
1749,1,1751,2
1755,1,1758,1
1755,2,1758,2
1755,3,1758,3
1755,4,1758,4
1756,1,1758,5
1756,2,1758,6
1756,3,1758,7
1756,4,1758,8
1755,5,1759,1
1755,6,1759,2
1755,7,1759,3
1756,5,1759,4
1756,6,1759,5
1756,7,1759,6
1762,1,1764,1
1762,16,1764,2
1762,2,1765,1
1762,15,1765,2
1762,3,1766,1
1762,14,1766,2
1762,4,1767,1
1762,13,1767,2
1762,5,1768,1
1762,12,1768,2
1762,6,1769,1
1762,11,1769,2
1762,7,1770,1
1762,10,1770,2
1762,8,1771,1
1762,9,1771,2
1764,1,1773,1
1771,1,1773,2
1767,1,1774,1
1768,1,1774,2
1765,1,1775,1
1770,1,1775,2
1766,1,1776,1
1769,1,1776,2
1773,1,1778,1
1774,1,1778,2
1775,1,1779,1
1776,1,1779,2
1778,1,1781,1
1779,1,1781,2
